1604231352.037200
1604283320.038200
1604300990.039700
1604369308.041000
1604371040.042100
1604371270.042600
1604378673.043500
1604455985.047200
1604488666.047900
1604488840.048300
1604489283.049100
1604492674.050100
1604492706.050200
1604492949.050700
1604492972.050900
1604492995.051300
1604492996.051500
1604493013.052200
1604493036.052900
1604493043.053100
1604493046.053300
1604493057.053800
1604493060.054100
1604493070.054300
1604493086.054500
1604493184.054900
1604493878.055200
1604493998.055500
1604494454.055600
1604494549.056200
1604494553.056500
1604494557.056900
1604574647.058700
1604581843.059700
1604582037.060000
1604582273.060300
1604583803.060900
1604628455.061300
1604642224.062700
1604644708.064000
1604652883.065800
1604655935.066100
1604656024.066600
1604656041.067000
1604656484.068700
1604656514.069200
1604672379.070200
1604672429.070400
1604674509.071000
1604679012.071300
1604756165.073100
1604756310.073800
1604839883.078100
1604842376.078900
1604843529.079200
1604887914.079800
1604889176.080100
1604889316.080400
1604889408.081100
1604889416.081300
1604895120.082200
1604973527.083000
1604988524.086000
1604988790.087000
1604988981.087700
1604995716.088500
1604995831.089300
1605004670.090000
1605060616.093400
1605060633.093900
1605061267.095500
1605062022.095700
1605062105.095900
1605065685.096100
1605066847.096400
1605070971.096600
1605071110.096800
1605168252.097400
1605234685.097600
1605237020.098300
1605237545.098800

