1605088255.003000
1605141327.003300
1605143807.005300
1605144066.005800
1605145210.006100
1605145382.006300
1605145646.006500
1605147517.006900
1605451385.012900
1606658379.014500
1606658609.017800
1606660020.019400
1606660038.019600
1606660056.020000
1606660566.020400
1606661244.022200
1606661911.023000
1606662147.027700
1606662865.028200
1606706913.000200
1606714858.000400
1606715010.000600
1606715277.000900
1606734870.001800
1606735058.002100
1606735070.002300
1606738727.002500
1606746519.002700
1606750611.002900
1606788365.000100
1606791083.000400
1607049947.001900
1607050065.002000
1607050080.002400
1607050098.003100
1607050234.003300
1607050237.003500
1607050251.003700
1607050336.003900
1607050427.004100
1607059131.004400
1607074599.004900
1607074631.005100
1607074689.005400
1607078940.005600
1607246969.005800
1607302146.006100
1607312302.006300
1607312702.006700
1607314091.006900
1607315097.007200
1607317976.007600
1608800560.008500
1609068685.008700
1609073851.009000

